obj-fifo-1.txt: 13483.04280155642
obj-fifo-10.txt: 13214.575875486382
obj-fifo-1000.txt: 212540.6420233463
obj-fifo-10000.txt: 1833232.4980544746
obj-index-1.txt: 1359.3891050583657
obj-index-10.txt: 2005.1634241245135
obj-index-1000.txt: 1828.3813229571983
obj-index-10000.txt: 2023.5019455252918
obj-key-1.txt: 2726.3929961089493
obj-key-10.txt: 2437.3891050583657
obj-key-1000.txt: 2212.147859922179
obj-key-10000.txt: 2920.3540856031127
obj-lifo-1.txt: 8894.929961089494
obj-lifo-10.txt: 13562.805447470817
obj-lifo-1000.txt: 196379.84046692608
obj-lifo-10000.txt: 1747492.8365758755
obj-sequential-1.txt: 10093.0546875
obj-sequential-10.txt: 3432.91796875
obj-sequential-1000.txt: 2654.75
obj-sequential-10000.txt: 2858.30078125
prim-fifo-1.txt: 9849.569444444445
prim-fifo-10.txt: 13294.824074074075
prim-fifo-1000.txt: 203123.0601851852
prim-fifo-10000.txt: 1808633.7175925926
prim-index-1.txt: 1190.3333333333333
prim-index-10.txt: 2004.8472222222222
prim-index-1000.txt: 1689.2546296296296
prim-index-10000.txt: 2112.5138888888887
prim-key-1.txt: 2793.6944444444443
prim-key-10.txt: 2667.9814814814813
prim-key-1000.txt: 2370.3518518518517
prim-key-10000.txt: 2867.9953703703704
prim-lifo-1.txt: 9169.768518518518
prim-lifo-10.txt: 13816.86574074074
prim-lifo-1000.txt: 192564.1064814815
prim-lifo-10000.txt: 1720551.6990740742
prim-sequential-1.txt: 10501.185185185184
prim-sequential-10.txt: 3685.115740740741
prim-sequential-1000.txt: 17607.175925925927
prim-sequential-10000.txt: 138846.03703703705
