obj-fifo-1.txt: 10687.545454545454
obj-fifo-10.txt: 17246.598930481283
obj-fifo-1000.txt: 284661.82352941175
obj-fifo-10000.txt: 2450721.882352941
obj-index-1.txt: 1079.8663101604277
obj-index-10.txt: 1605.7433155080214
obj-index-1000.txt: 1530.1657754010696
obj-index-10000.txt: 2390.8449197860964
obj-key-1.txt: 3100.3582887700536
obj-key-10.txt: 2041.2085561497327
obj-key-1000.txt: 2570.0748663101604
obj-key-10000.txt: 4307.893048128342
obj-lifo-1.txt: 9450.51871657754
obj-lifo-10.txt: 16123.51871657754
obj-lifo-1000.txt: 267116.92513368983
obj-lifo-10000.txt: 2431504.2620320856
obj-sequential-1.txt: 2652.9839572192514
obj-sequential-10.txt: 37842.1229946524
obj-sequential-1000.txt: 1641188.2299465241
obj-sequential-10000.txt: 15888870.49197861
prim-fifo-1.txt: 10108.206666666667
prim-fifo-10.txt: 17426.226666666666
prim-fifo-1000.txt: 235687.22
prim-fifo-10000.txt: 2018065.4
prim-index-1.txt: 986.12
prim-index-10.txt: 1505.0533333333333
prim-index-1000.txt: 1469.9466666666667
prim-index-10000.txt: 2297.266666666667
prim-key-1.txt: 3303.7266666666665
prim-key-10.txt: 2212.3133333333335
prim-key-1000.txt: 2500.3933333333334
prim-key-10000.txt: 4011.233333333333
prim-lifo-1.txt: 9221.753333333334
prim-lifo-10.txt: 17845.553333333333
prim-lifo-1000.txt: 212593.75333333333
prim-lifo-10000.txt: 1921188.1466666667
prim-sequential-1.txt: 2917.7733333333335
prim-sequential-10.txt: 3863.34
prim-sequential-1000.txt: 23983.506666666668
prim-sequential-10000.txt: 202501.48666666666
