obj-fifo-1.txt: 12465.471264367816
obj-fifo-10.txt: 15713.741379310344
obj-fifo-1000.txt: 292728.0747126437
obj-fifo-10000.txt: 2701597.0804597703
obj-index-1.txt: 1583.367816091954
obj-index-10.txt: 2457.632183908046
obj-index-1000.txt: 3140.7413793103447
obj-index-10000.txt: 3293.637931034483
obj-key-1.txt: 3085.155172413793
obj-key-10.txt: 2863.729885057471
obj-key-1000.txt: 3008.7471264367814
obj-key-10000.txt: 4123.442528735633
obj-lifo-1.txt: 10814.264367816091
obj-lifo-10.txt: 17524.166666666668
obj-lifo-1000.txt: 286855.8045977011
obj-lifo-10000.txt: 3007286.764367816
obj-sequential-1.txt: 10594.522988505747
obj-sequential-10.txt: 4298.614942528736
obj-sequential-1000.txt: 24084.298850574713
obj-sequential-10000.txt: 194758.62068965516
prim-fifo-1.txt: 9849.569444444445
prim-fifo-10.txt: 13294.824074074075
prim-fifo-1000.txt: 203123.0601851852
prim-fifo-10000.txt: 1808633.7175925926
prim-index-1.txt: 1190.3333333333333
prim-index-10.txt: 2004.8472222222222
prim-index-1000.txt: 1689.2546296296296
prim-index-10000.txt: 2112.5138888888887
prim-key-1.txt: 2793.6944444444443
prim-key-10.txt: 2667.9814814814813
prim-key-1000.txt: 2370.3518518518517
prim-key-10000.txt: 2867.9953703703704
prim-lifo-1.txt: 9169.768518518518
prim-lifo-10.txt: 13816.86574074074
prim-lifo-1000.txt: 192564.1064814815
prim-lifo-10000.txt: 1720551.6990740742
prim-sequential-1.txt: 10501.185185185184
prim-sequential-10.txt: 3685.115740740741
prim-sequential-1000.txt: 17607.175925925927
prim-sequential-10000.txt: 138846.03703703705
