obj-fifo-1.txt: 41840.03086419753
obj-fifo-10.txt: 57570.734567901236
obj-fifo-1000.txt: 1219142.8950617283
obj-fifo-10000.txt: 3690120.62345679
obj-index-1.txt: 5834.802469135802
obj-index-10.txt: 6741.197530864198
obj-index-1000.txt: 8697.703703703704
obj-index-10000.txt: 9152.716049382716
obj-key-1.txt: 7247.444444444444
obj-key-10.txt: 7929.851851851852
obj-key-1000.txt: 9479.333333333334
obj-key-10000.txt: 17464.302469135804
obj-lifo-1.txt: 26145.296296296296
obj-lifo-10.txt: 55501.32716049383
obj-lifo-1000.txt: 1159647.7037037036
obj-lifo-10000.txt: 5044007.283950618
obj-sequential-1.txt: 23708.327160493827
obj-sequential-10.txt: 13330.604938271605
obj-sequential-1000.txt: 168432.3950617284
obj-sequential-10000.txt: 1709918.351851852
prim-fifo-1.txt: 43212.66216216216
prim-fifo-10.txt: 40530.10810810811
prim-fifo-1000.txt: 779694.7027027027
prim-fifo-10000.txt: 3768637.331081081
prim-index-1.txt: 5665.972972972973
prim-index-10.txt: 7354.493243243243
prim-index-1000.txt: 8254.898648648648
prim-index-10000.txt: 9018.95945945946
prim-key-1.txt: 6059.074324324324
prim-key-10.txt: 6218.331081081081
prim-key-1000.txt: 8172.804054054054
prim-key-10000.txt: 20977.087837837837
prim-lifo-1.txt: 20690.79054054054
prim-lifo-10.txt: 44257.30405405405
prim-lifo-1000.txt: 842138.9459459459
prim-lifo-10000.txt: 3922968.689189189
prim-sequential-1.txt: 26932.047297297297
prim-sequential-10.txt: 11362.385135135135
prim-sequential-1000.txt: 98110.95945945945
prim-sequential-10000.txt: 943533.8986486486
