obj-fifo-1.txt: 40421.05434782609
obj-fifo-10.txt: 39481.45652173913
obj-fifo-1000.txt: 1355978.7989130435
obj-fifo-10000.txt: 5429757.467391305
obj-index-1.txt: 4956.562162162162
obj-index-10.txt: 13382.5
obj-index-1000.txt: 7961.869565217391
obj-index-10000.txt: 14091.728260869566
obj-key-1.txt: 7016.288043478261
obj-key-10.txt: 7219.586956521739
obj-key-1000.txt: 14060.119565217392
obj-key-10000.txt: 17041.440217391304
obj-lifo-1.txt: 22629.217391304348
obj-lifo-10.txt: 47741.961956521736
obj-lifo-1000.txt: 1391839.4456521738
obj-lifo-10000.txt: 5459458.146739131
obj-sequential-1.txt: 18494.543478260868
obj-sequential-10.txt: 29322.233695652172
obj-sequential-1000.txt: 854975.9076086957
obj-sequential-10000.txt: 7192548.179347826
prim-fifo-1.txt: 28183.0
prim-fifo-10.txt: 35644.845637583894
prim-fifo-1000.txt: 877695.7986577181
prim-fifo-10000.txt: 4430059.986577181
prim-index-1.txt: 4437.946308724832
prim-index-10.txt: 10514.637583892618
prim-index-1000.txt: 6035.107382550335
prim-index-10000.txt: 9687.221476510067
prim-key-1.txt: 5832.5704697986575
prim-key-10.txt: 6182.046979865771
prim-key-1000.txt: 7483.825503355704
prim-key-10000.txt: 16537.275167785236
prim-lifo-1.txt: 17203.013422818793
prim-lifo-10.txt: 32760.872483221476
prim-lifo-1000.txt: 811100.1476510067
prim-lifo-10000.txt: 5196709.0
prim-sequential-1.txt: 15983.362416107382
prim-sequential-10.txt: 9603.563758389262
prim-sequential-1000.txt: 52545.147651006715
prim-sequential-10000.txt: 529310.1073825504
